[app/ui]
version = 8.0.4.1
modtime = 1595468252.277512500

[app/launcher]
version = 8.0.4.1
modtime = 1595468252.281512800
